------------------------------------------------------------------------------------------------------------------------------------------
  SISTEMA RECOMENDADOR: 
   - Métrica elegida: Coseno
   - Número de vecinos: 6
   - Predicción elegida: Media
------------------------------------------------------------------------------------------------------------------------------------------
  MATRIZ ELEGIDA    
[0]    9.00		1.00		2.00		4.00		-		
[1]    3.00		1.00		2.00		2.00		3.00		
[2]    9.00		-		7.00		8.00		9.00		
[3]    3.00		3.00		1.00		5.00		2.00		
[4]    9.00		8.00		-		1.00		3.00		
[5]    3.00		2.00		6.00		3.00		1.00		
------------------------------------------------------------------------------------------------------------------------------------------
  MATRIZ DE SIMILITUDES     
[0]    0.0000		0.9335		0.9073		0.7762		0.7775		0.6891		
[1]    0.9335		0.0000		0.9934		0.8333		0.7704		0.8018		
[2]    0.9073		0.9934		0.0000		0.8884		0.8089		0.8294		
[3]    0.7762		0.8333		0.8884		0.0000		0.7264		0.7141		
[4]    0.7775		0.7704		0.8089		0.7264		0.0000		0.8207		
[5]    0.6891		0.8018		0.8294		0.7141		0.8207		0.0000		
------------------------------------------------------------------------------------------------------------------------------------------
Vecinos utilizados para calcular:0 -> Item: 4
[(1, 0.9335200560186734), (2, 0.9072817374259514), (4, 0.7774876206600102), (3, 0.7762058642344918), (5, 0.6890675319273555)]
Resultado prediccion - Usuario 0 -> Item 4 = 3.431582257530783
------------------------------------------------------------------------------------------------------------------------------------------
Vecinos utilizados para calcular:0 -> Item: 1
[(1, 0.9934048252616587), (0, 0.9072817374259514), (3, 0.8883603712368923), (5, 0.8293779407453765), (4, 0.808878092995488), (0, 0.9072817374259514)]
Resultado prediccion - Usuario 2 -> Item 1 = 5
------------------------------------------------------------------------------------------------------------------------------------------
Vecinos utilizados para calcular:0 -> Item: 2
[(5, 0.8206657578545647), (2, 0.808878092995488), (0, 0.7774876206600102), (1, 0.7704209155369384), (3, 0.7264017996041069), (0, 0.7774876206600102)]
Resultado prediccion - Usuario 4 -> Item 2 = 4.583383808282964
------------------------------------------------------------------------------------------------------------------------------------------
  RESULTADO     
[0]    9.00		1.00		2.00		4.00		3.43		
[1]    3.00		1.00		2.00		2.00		3.00		
[2]    9.00		5.00		7.00		8.00		9.00		
[3]    3.00		3.00		1.00		5.00		2.00		
[4]    9.00		8.00		4.58		1.00		3.00		
[5]    3.00		2.00		6.00		3.00		1.00		
------------------------------------------------------------------------------------------------------------------------------------------
